6.244100672359144788e+00
6.335128521421441228e+00
-2.139767491748129080e-03
3.105007458519567720e+00
3.161306350343959348e+00
-1.462534598665756087e-02
-4.841469232372029585e-02
3.163761783498618030e+00
6.273115713169477914e+00
3.116511022543951626e+00
-3.173975578325427094e+00
6.018100865403084754e+00
6.264503019563993469e+00
6.939386960532412107e-02
-3.057208943930839418e+00
8.200330624257431977e-02
3.141197723808462960e+00
-2.386179438672259012e-02
-3.130035179529454314e+00
3.153404537106336836e+00
6.321664856714289016e+00
6.289830628681612801e+00
3.153317357192681136e+00
9.402465809051891554e+00
6.237285620356426641e+00
3.134438945339412363e+00
6.261740609818304826e+00
-3.185101260444320292e+00
-6.303607908993043019e+00
3.425122317153610041e+00
-3.230839373267474723e+00
3.084455139027060699e+00
-6.263414704154317114e+00
3.100284687076539786e-02
3.125134787255994695e+00
1.472745228629969427e-02
6.300281717801577308e+00
-3.145077078379696189e+00
6.282036075335867054e+00
-3.105559144973569552e+00
-3.154997761998994399e+00
3.141505396055285892e+00
-3.124424381471979206e+00
9.411173095810546840e+00
-3.137375642640231277e+00
-3.153427617339965128e+00
6.432732062640575954e+00
7.808057379248456442e-02
6.268952602394969986e+00
-7.254110506789868129e-03
3.137833150512542080e+00
-2.029263463210478902e-01
-6.328837828252061648e+00
3.152684382980483591e+00
5.232090628745729444e-02
-6.255754604081031900e+00
9.357116944919201984e+00
1.652247452583906373e+00
1.498898097887482739e-02
-6.312049253986780961e+00
-3.153747969206833535e+00
-6.233988086862495059e+00
-8.930553365875133764e-02
-1.653096245452981283e-01
3.963347549370476841e+00
2.741064521853049385e+00
-3.843376791073637389e+00
-5.676357140134890678e+00
-2.498846300934769449e+00
-3.638256700527728316e-01
1.451226089549284559e-01
2.831722640597943652e+00
1.901411599972413491e-01
-6.214879129637556510e+00
3.116977220642572988e+00
-6.352877407787389075e+00
-6.337145060768023974e+00
-3.167126224397811995e+00
-6.332173606030035984e+00
4.289244176669644304e+00
6.250950160373728970e+00
-1.336731572145224978e-02
3.178530852314399358e+00
8.692787093993314951e-02
6.271296945048105087e+00
3.161095471441331295e+00
1.721783771137256558e+00
-3.200863588110848479e+00
6.202569784031154221e+00
5.185549753507515125e-02
3.160573762260474151e+00
3.237811052975232862e+00
5.866106812414556559e-02
-2.268696272082416920e-02
-3.515382024266006100e-02
3.141517496398519516e+00
6.293136612560951804e+00
2.828430487369967827e-02
3.157418583955696079e+00
9.473269024693813378e+00
3.179632862530195503e+00
-3.117949637669878538e+00
-6.330806645665696841e+00
-6.030775296211295100e-02
3.108268628229636121e+00
2.185406783612964254e-02
3.081323000973238635e+00
3.160480031607177942e+00
3.114687267973544671e+00
-6.063942785450421313e-02
-6.228528322470202383e+00
3.184983937228811346e+00
-1.679450779861546117e+00
5.525389303840153588e+00
5.517493237791761374e+00
-2.947795626727423457e+00
5.344295621886281822e+00
5.067370023791331946e+00
6.047164000534327455e-01
-3.685150262308590108e+00
-5.249716299576180134e+00
7.840788132284979284e-01
3.075405335673800700e+00
-4.870288825933339893e+00
-6.331727701398455643e+00
-5.509585306731871412e+00
4.311758458838275132e+00
1.581943750509021474e+00
-8.867017635386781338e-01
-4.993101679672244053e+00
9.029090690948782250e-01
-2.204925368116426476e+00
2.623599413226235466e+00
-8.269135102973268481e-02
2.999460517758434364e+00
2.452969046182398305e+00
2.077231678610137244e+00
-3.722126288024451224e+00
6.923227547753257882e-01
-5.989286167869782851e+00
1.568860837388036389e+00
-1.973367130200330832e+00
-9.479383459282736402e-01
4.248003620563967075e+00
1.303407652696928265e+00
5.266318871010373215e+00
-3.668181491651977044e+00
-9.110363075846020231e-02
-5.046882123837255207e+00
5.240871522428471430e+00
-1.570472699896868329e+00
-3.318991895887854593e+00
-4.581494786262138241e+00
6.012231444368066891e-01
2.705541064821718855e+00
1.778383330502419257e+00
7.134953328365982728e-01
-5.722704271106764828e+00
-2.095012935487031047e+00
3.408406780583537188e+00
-1.425354630102842357e+00
-5.492266257485935554e+00
4.349828478275835630e-02
3.633311857558913172e+00
-5.956371264776366914e+00
-1.749945375677167902e+00
-2.045489368087399229e-01
-3.861925131506346531e+00
4.749057127406102197e-01
3.463940518981599936e+00
2.131985704851799390e+00
8.197347973811290878e-01
3.765409269145950422e+00
-5.662154735008048334e+00
-2.737697637437318532e-01
-5.773660423460147406e+00
1.432579864510894918e+00
-2.780638970864173221e+00
2.948008377577629791e+00
-4.069122686584906390e+00
-2.778830082417838576e-01
2.072387988139840487e-01
1.926987168603907064e+00
-5.358499236508895702e-01
2.652873122800501471e-01
2.787326669953993807e+00
5.201210695891882452e+00
-4.890692917428001607e+00
5.562446462696516214e+00
-5.392390468822016558e+00
4.072900867701335414e+00
-4.598671917188185132e-01
5.102667904810957111e+00
-1.356514272191469139e+00
-5.615975952269628202e+00
2.610355423742711345e+00
-1.528654523220506212e+00
9.390424000795121184e-01
3.018586963882940122e+00
4.611829080452565677e+00
-6.349320747779971796e-01
3.796461214491996472e+00
5.059192248250695023e+00
5.093125245462769790e+00
-8.300729165609148641e-01
7.728409685489373571e-01
-2.517617666765618267e+00
9.639067223415120900e-01
-2.023415486815803632e+00
2.646161790711845541e+00
1.913376206433154536e+00
-9.750192563260082768e-01
8.520595217610263394e-02
-2.407484977998693765e+00
-2.970925545705584536e+00
5.828247472947939434e-01
-6.095400918511584276e-01
-1.218832122338221247e+00
-5.099452096398031209e+00
3.182156874663558010e+00
-3.175808121486754398e+00
-1.733181913507880978e+00
-1.855696245097026464e+00
-5.279486065425924579e+00
